# Data name
 No002_Triclinic_P2I4
# Material number
 2
# Lattice type
 triclinic
# Lattice constant
 4.560000  7.060000  7.400000  1.399754  1.866921  1.713913 
# Sphere number
 4
 2
# Sphere centers
 0.557000  0.730000  0.165000  0.443000  0.270000  0.835000 
 0.820000  0.803000  0.695000  0.180000  0.197000  0.305000 

 0.397000  0.639000  0.463000  0.603000  0.361000  0.537000 

# Sphere radius
 0.100000  0.100000  0.100000  0.100000 

 0.100000  0.100000 

# Cylinder number
 4
 4
# Cylinder top centers
 0.477000  0.684500  0.314000  0.523000  0.315500  0.686000 
 0.608500  0.721000  0.579000  0.391500  0.279000  0.421000 

 0.477000  0.684500  0.314000  0.523000  0.315500  0.686000 
 0.608500  0.721000  0.579000  0.391500  0.279000  0.421000 

# Cylinder bot centers
 0.557000  0.730000  0.165000  0.443000  0.270000  0.835000 
 0.820000  0.803000  0.695000  0.180000  0.197000  0.305000 

 0.397000  0.639000  0.463000  0.603000  0.361000  0.537000 
 0.397000  0.639000  0.463000  0.603000  0.361000  0.537000 

# Cylinder radius
 0.100000  0.100000  0.100000  0.100000 

 0.100000  0.100000  0.100000  0.100000 

