# Data name
 No012_Primitive_Monoclinic_beta_Ga2O3
# Material number
 2
# Lattice type
 primitive_monoclinic
# Lattice constant
 3.082969  5.876153  12.452446  1.331972 0.0 0.0 
# Sphere number
 8
 12
# Sphere centers
 0.341590  0.314082  0.000000  0.158410  0.685918  0.500000 
 0.410122  0.794761  0.500000  0.089878  0.205239  0.000000 
 0.841590  0.314082  0.500000  0.658410  0.685918  0.000000 
 0.910122  0.794761  0.000000  0.589878  0.205239  0.500000 

 0.004103  0.256491  0.500000  0.495897  0.743509  0.000000 
 0.326402  0.564294  0.500000  0.173598  0.435706  0.000000 
 0.163503  0.891047  0.000000  0.336497  0.108953  0.500000 
 0.504103  0.256491  0.000000  0.995897  0.743509  0.500000 
 0.826402  0.564294  0.000000  0.673598  0.435706  0.500000 
 0.663503  0.891047  0.500000  0.836497  0.108953  0.000000 

# Sphere radius
 0.100000  0.100000  0.100000  0.100000  0.100000  0.100000 
 0.100000  0.100000 

 0.100000  0.100000  0.100000  0.100000  0.100000  0.100000 
 0.100000  0.100000  0.100000  0.100000  0.100000  0.100000 

# Cylinder number
 0
 0
# Cylinder top centers
# Cylinder bot centers
# Cylinder radius
