# Data name
 No012_BCM_AuTe2
# Material number
 2
# Lattice type
 base_centered_monoclinic
# Lattice constant
 4.407000  5.069000  7.189000  1.378810 0.0 0.0
# Sphere number
 1
 2
# Sphere centers
 0.000000  0.000000  0.000000 

 0.687900  0.288900  0.687900  0.312100  0.711100  0.312100 

# Sphere radius
 0.100000 

 0.100000  0.100000 

# Cylinder number
 6
 6
# Cylinder top centers
 0.156050  0.855550  0.156050  0.843950  0.144450  0.843950 
 0.843950  0.644450  0.843950  0.156050  0.855550  0.656050 
 0.156050  0.355550  0.156050  0.843950  0.144450  0.343950 

 0.156050  0.855550  0.156050  0.843950  0.144450  0.843950 
 0.843950  0.644450  0.843950  0.156050  0.855550  0.656050 
 0.156050  0.355550  0.156050  0.843950  0.144450  0.343950 

# Cylinder bot centers
 0.000000  1.000000  0.000000  1.000000  0.000000  1.000000 
 1.000000  1.000000  1.000000  0.000000  1.000000  1.000000 
 0.000000  0.000000  0.000000  1.000000  0.000000  0.000000 

 0.312100  0.711100  0.312100  0.687900  0.288900  0.687900 
 0.687900  0.288900  0.687900  0.312100  0.711100  0.312100 
 0.312100  0.711100  0.312100  0.687900  0.288900  0.687900 

# Cylinder radius
 0.100000  0.100000  0.100000  0.100000  0.100000  0.100000 

 0.100000  0.100000  0.100000  0.100000  0.100000  0.100000 

