# Data name
 No014_Primitive_Monoclinic_ZrO2
# Material number
 2
# Lattice type
 primitive_monoclinic
# Lattice constant
 5.211600  5.150500  5.317300  1.409702 0.0 0.0 
# Sphere number
 8
 4
# Sphere centers
 0.331700  0.070000  0.344700  0.831700  0.930000  0.155300 
 0.668300  0.930000  0.655300  0.168300  0.070000  0.844700 
 0.756900  0.449600  0.479200  0.256900  0.550400  0.020800 
 0.243100  0.550400  0.520800  0.743100  0.449600  0.979200 

 0.039500  0.275400  0.208300  0.539500  0.724600  0.291700 
 0.960500  0.724600  0.791700  0.460500  0.275400  0.708300 

# Sphere radius
 0.100000  0.100000  0.100000  0.100000  0.100000  0.100000 
 0.100000  0.100000 

 0.100000  0.100000  0.100000  0.100000 

# Cylinder number
 16
 16
# Cylinder top centers
 0.185600  0.172700  0.276500  0.148200  0.412900  0.114550 
 0.141300  0.412900  0.364550  0.685600  0.827300  0.223500 
 0.603900  0.827300  0.473500  0.648200  0.587100  0.385450 
 0.398200  0.637500  0.156250  0.391300  0.637500  0.406250 
 0.814400  0.827300  0.723500  0.858700  0.587100  0.635450 
 0.851800  0.587100  0.885450  0.396100  0.172700  0.526500 
 0.314400  0.172700  0.776500  0.608700  0.362500  0.593750 
 0.351800  0.412900  0.614550  0.601800  0.362500  0.843750 

 0.185600  0.172700  0.276500  0.148200  0.412900  0.114550 
 0.141300  0.412900  0.364550  0.685600  0.827300  0.223500 
 0.603900  0.827300  0.473500  0.648200  0.587100  0.385450 
 0.398200  0.637500  0.156250  0.391300  0.637500  0.406250 
 0.814400  0.827300  0.723500  0.858700  0.587100  0.635450 
 0.851800  0.587100  0.885450  0.396100  0.172700  0.526500 
 0.314400  0.172700  0.776500  0.608700  0.362500  0.593750 
 0.351800  0.412900  0.614550  0.601800  0.362500  0.843750 

# Cylinder bot centers
 0.331700  0.070000  0.344700  0.256900  0.550400  0.020800 
 0.243100  0.550400  0.520800  0.831700  0.930000  0.155300 
 0.668300  0.930000  0.655300  0.756900  0.449600  0.479200 
 0.256900  0.550400  0.020800  0.243100  0.550400  0.520800 
 0.668300  0.930000  0.655300  0.756900  0.449600  0.479200 
 0.743100  0.449600  0.979200  0.331700  0.070000  0.344700 
 0.168300  0.070000  0.844700  0.756900  0.449600  0.479200 
 0.243100  0.550400  0.520800  0.743100  0.449600  0.979200 

 0.039500  0.275400  0.208300  0.039500  0.275400  0.208300 
 0.039500  0.275400  0.208300  0.539500  0.724600  0.291700 
 0.539500  0.724600  0.291700  0.539500  0.724600  0.291700 
 0.539500  0.724600  0.291700  0.539500  0.724600  0.291700 
 0.960500  0.724600  0.791700  0.960500  0.724600  0.791700 
 0.960500  0.724600  0.791700  0.460500  0.275400  0.708300 
 0.460500  0.275400  0.708300  0.460500  0.275400  0.708300 
 0.460500  0.275400  0.708300  0.460500  0.275400  0.708300 

# Cylinder radius
 0.100000  0.100000  0.100000  0.100000  0.100000  0.100000 
 0.100000  0.100000  0.100000  0.100000  0.100000  0.100000 
 0.100000  0.100000  0.100000  0.100000 

 0.100000  0.100000  0.100000  0.100000  0.100000  0.100000 
 0.100000  0.100000  0.100000  0.100000  0.100000  0.100000 
 0.100000  0.100000  0.100000  0.100000 

