# Data name
 No025_Primitive_Orthorhombic_CdTe
# Material number
 2
# Lattice type
 primitive_orthorhombic
# Lattice constant
 2.810200  5.258000  3.026500 0.0 0.0 0.0 
# Sphere number
 1
 1
# Sphere centers
 0.000000  0.500000  0.250000 

 0.000000  0.000000  0.000000 

# Sphere radius
 0.100000 

 0.100000 

# Cylinder number
 4
 8
# Cylinder top centers
 0.000000  0.250000  0.125000  0.000000  0.750000  0.125000 
 0.000000  0.250000  0.625000  0.000000  0.750000  0.625000 

 0.000000  0.250000  0.125000  0.000000  0.750000  0.125000 
 0.000000  0.250000  0.625000  0.000000  0.750000  0.625000 
 1.000000  0.000000  0.000000  1.000000  1.000000  0.000000 
 1.000000  0.000000  1.000000  1.000000  1.000000  1.000000 

# Cylinder bot centers
 0.000000  0.500000  0.250000  0.000000  0.500000  0.250000 
 0.000000  0.500000  0.250000  0.000000  0.500000  0.250000 

 0.000000  0.000000  0.000000  0.000000  1.000000  0.000000 
 0.000000  0.000000  1.000000  0.000000  1.000000  1.000000 
 0.000000  0.000000  0.000000  0.000000  1.000000  0.000000 
 0.000000  0.000000  1.000000  0.000000  1.000000  1.000000 

# Cylinder radius
 0.100000  0.100000  0.100000  0.100000 

 0.100000  0.100000  0.100000  0.100000  0.100000  0.100000 
 0.100000  0.100000 

