# Data name
 No038_ABCO_C2CeNi
# Material number
 3
# Lattice type
 a_base_centered_orthorhombic
# Lattice constant
 3.875000  4.552000  6.162000 0.0 0.0 0.0 
# Sphere number
 1
 1
 2
# Sphere centers
 0.000000 -0.000000  0.000000 

 0.500000  0.385600  0.614400 

 0.500000  0.863600  0.446400  0.500000  0.553600  0.136400 

# Sphere radius
 0.100000 

 0.100000 

 0.100000  0.100000 

# Cylinder number
 8
 4
 14
# Cylinder top centers
 0.250000  0.931800  0.223200  0.250000  0.931800  0.723200 
 0.750000  0.931800  0.223200  0.750000  0.931800  0.723200 
 0.250000  0.276800  0.068200  0.750000  0.276800  0.068200 
 0.250000  0.776800  0.068200  0.750000  0.776800  0.068200 

 0.500000  0.124600  0.530400  0.500000  0.469600  0.875400 
 0.500000  0.624600  0.530400  0.500000  0.469600  0.375400 

 0.500000  0.624600  0.530400  0.500000  0.469600  0.375400 
 0.500000  0.708600  0.291400  0.500000  0.708600  0.291400 
 0.500000  0.124600  0.530400  0.500000  0.469600  0.875400 
 0.250000  0.931800  0.223200  0.250000  0.931800  0.723200 
 0.750000  0.931800  0.223200  0.750000  0.931800  0.723200 
 0.250000  0.276800  0.068200  0.750000  0.276800  0.068200 
 0.250000  0.776800  0.068200  0.750000  0.776800  0.068200 

# Cylinder bot centers
 0.000000  1.000000  0.000000  0.000000  1.000000  1.000000 
 1.000000  1.000000  0.000000  1.000000  1.000000  1.000000 
 0.000000 -0.000000  0.000000  1.000000  0.000000  0.000000 
 0.000000  1.000000  0.000000  1.000000  1.000000  0.000000 

 0.500000  0.385600  0.614400  0.500000  0.385600  0.614400 
 0.500000  0.385600  0.614400  0.500000  0.385600  0.614400 

 0.500000  0.863600  0.446400  0.500000  0.553600  0.136400 
 0.500000  0.863600  0.446400  0.500000  0.553600  0.136400 
 0.500000 -0.136400  0.446400  0.500000  0.553600  1.136400 
 0.500000  0.863600  0.446400  0.500000  0.863600  0.446400 
 0.500000  0.863600  0.446400  0.500000  0.863600  0.446400 
 0.500000  0.553600  0.136400  0.500000  0.553600  0.136400 
 0.500000  0.553600  0.136400  0.500000  0.553600  0.136400 

# Cylinder radius
 0.100000  0.100000  0.100000  0.100000  0.100000  0.100000 
 0.100000  0.100000 

 0.100000  0.100000  0.100000  0.100000 

 0.100000  0.100000  0.100000  0.100000  0.100000  0.100000 
 0.100000  0.100000  0.100000  0.100000  0.100000  0.100000 
 0.100000  0.100000 

