# Data name
 No063_CBCO_ZrSi2
# Material number
 2
# Lattice type
 c_base_centered_orthorhombic
# Lattice constant
 3.730000  14.720000  3.670000 0.0 0.0 0.0 
# Sphere number
 4
 2
# Sphere centers
 0.939000  0.061000  0.250000  0.061000  0.939000  0.750000 
 0.250000  0.750000  0.250000  0.750000  0.250000  0.750000 

 0.604000  0.396000  0.250000  0.396000  0.604000  0.750000 

# Sphere radius
 0.100000  0.100000  0.100000  0.100000 

 0.100000  0.100000 

# Cylinder number
 16
 14
# Cylinder top centers
 0.167500  0.332500  0.500000  0.667500  0.832500  0.500000 
 0.073000  0.427000  0.750000  0.573000  0.927000  0.750000 
 0.323000  0.677000  0.500000  0.332500  0.167500  0.500000 
 0.832500  0.667500  0.500000  0.677000  0.323000  0.500000 
 1.000000  0.000000  0.500000  0.000000  1.000000  0.500000 
 0.228500  0.271500  0.750000  0.728500  0.771500  0.750000 
 0.427000  0.073000  0.250000  0.927000  0.573000  0.250000 
 0.771500  0.728500  0.250000  0.271500  0.228500  0.250000 

 0.167500  0.332500  0.500000  0.667500  0.832500  0.500000 
 0.073000  0.427000  0.750000  0.573000  0.927000  0.750000 
 0.323000  0.677000  0.500000  0.332500  0.167500  0.500000 
 0.832500  0.667500  0.500000  0.677000  0.323000  0.500000 
 0.228500  0.271500  0.750000  0.728500  0.771500  0.750000 
 0.427000  0.073000  0.250000  0.927000  0.573000  0.250000 
 0.771500  0.728500  0.250000  0.271500  0.228500  0.250000 

# Cylinder bot centers
-0.061000  0.061000  0.250000  0.939000  1.061000  0.250000 
-0.250000  0.250000  0.750000  0.750000  1.250000  0.750000 
 0.250000  0.750000  0.250000  0.061000 -0.061000  0.750000 
 1.061000  0.939000  0.750000  0.750000  0.250000  0.750000 
 0.939000  0.061000  0.250000  0.061000  0.939000  0.750000 
 0.061000 -0.061000  0.750000  1.061000  0.939000  0.750000 
 0.250000 -0.250000  0.250000  1.250000  0.750000  0.250000 
 0.939000  1.061000  0.250000 -0.061000  0.061000  0.250000 

 0.396000  0.604000  0.750000  0.396000  0.604000  0.750000 
 0.396000  0.604000  0.750000  0.396000  0.604000  0.750000 
 0.396000  0.604000  0.750000  0.604000  0.396000  0.250000 
 0.604000  0.396000  0.250000  0.604000  0.396000  0.250000 
 0.396000  0.604000  0.750000  0.396000  0.604000  0.750000 
 0.604000  0.396000  0.250000  0.604000  0.396000  0.250000 
 0.604000  0.396000  0.250000  0.604000  0.396000  0.250000 

# Cylinder radius
 0.100000  0.100000  0.100000  0.100000  0.100000  0.100000 
 0.100000  0.100000  0.100000  0.100000  0.100000  0.100000 
 0.100000  0.100000  0.100000  0.100000 

 0.100000  0.100000  0.100000  0.100000  0.100000  0.100000 
 0.100000  0.100000  0.100000  0.100000  0.100000  0.100000 
 0.100000  0.100000 

