# Data name
 No071_BCO_ReSi2
# Material number
 2
# Lattice type
 body_centered_orthorhombic
# Lattice constant
 3.144000  3.128000  7.677000 0.0 0.0 0.0 
# Sphere number
 1
 2
# Sphere centers
 0.000000  0.000000  0.000000 

 0.339000  0.339000  0.000000  0.661000  0.661000  0.000000 

# Sphere radius
 0.100000 

 0.100000  0.100000 

# Cylinder number
 10
 10
# Cylinder top centers
 0.169500  0.169500  0.000000  0.169500  0.169500  0.500000 
 0.330500  0.330500  0.500000  0.830500  0.830500  1.000000 
 0.669500  0.669500  0.500000  0.830500  0.830500  0.500000 
 0.169500  0.669500  1.000000  0.330500  0.830500  1.000000 
 0.669500  0.169500  0.000000  0.830500  0.330500  0.000000 

 0.169500  0.169500  0.000000  0.169500  0.169500  0.500000 
 0.330500  0.330500  0.500000  0.830500  0.830500  1.000000 
 0.669500  0.669500  0.500000  0.830500  0.830500  0.500000 
 0.169500  0.669500  1.000000  0.330500  0.830500  1.000000 
 0.669500  0.169500  0.000000  0.830500  0.330500  0.000000 

# Cylinder bot centers
 0.000000  0.000000  0.000000  0.000000  0.000000  0.000000 
 0.000000  0.000000  0.000000  1.000000  1.000000  1.000000 
 1.000000  1.000000  1.000000  1.000000  1.000000  1.000000 
 0.000000  1.000000  1.000000  0.000000  1.000000  1.000000 
 1.000000  0.000000  0.000000  1.000000  0.000000  0.000000 

 0.339000  0.339000  0.000000  0.339000  0.339000  1.000000 
 0.661000  0.661000  1.000000  0.661000  0.661000  1.000000 
 0.339000  0.339000  0.000000  0.661000  0.661000  0.000000 
 0.339000  0.339000  1.000000  0.661000  0.661000  1.000000 
 0.339000  0.339000  0.000000  0.661000  0.661000  0.000000 

# Cylinder radius
 0.100000  0.100000  0.100000  0.100000  0.100000  0.100000 
 0.100000  0.100000  0.100000  0.100000 

 0.100000  0.100000  0.100000  0.100000  0.100000  0.100000 
 0.100000  0.100000  0.100000  0.100000 

