# Data name
 No070_FCO_TiSi2
# Material number
 2
# Lattice type
 face_centered_orthorhombic
# Lattice constant
 8.267100  4.800000  8.550500 0.0 0.0 0.0 
# Sphere number
 2
 4
# Sphere centers
 0.125000  0.125000  0.125000  0.875000  0.875000  0.875000 

 0.788500  0.461500  0.461500  0.461500  0.788500  0.788500 
 0.211500  0.538500  0.538500  0.538500  0.211500  0.211500 

# Sphere radius
 0.100000  0.100000 

 0.100000  0.100000  0.100000  0.100000 

# Cylinder number
 20
 40
# Cylinder top centers
 0.293250  0.456750  0.956750  0.793250  0.956750  0.456750 
 0.956750  0.793250  0.293250  0.331750  0.168250  0.168250 
 0.668250  0.831750  0.831750 -0.043250  0.293250  0.293250 
 1.043250  0.706750  0.706750  0.293250 -0.043250 -0.043250 
 0.168250  0.831750  0.331750  0.831750  0.668250  0.168250 
 0.168250  0.331750  0.831750  0.706750  1.043250  1.043250 
 0.456750  0.293250  0.793250  0.831750  0.168250  0.668250 
 0.206750  0.043250  0.543250  0.043250  0.206750  0.706750 
 0.831750  0.168250  0.168250  0.168250  0.831750  0.831750 
 0.543250  0.706750  0.206750  0.706750  0.543250  0.043250 

 0.956750  0.793250  0.293250  0.956750  0.293250  0.293250 
 0.625000  0.625000  0.625000  0.625000  0.625000  0.625000 
 0.293250  0.456750  0.956750  0.793250  0.956750  0.456750 
 0.125000  0.625000  1.125000  1.125000  0.625000  0.125000 
 0.331750  0.168250  0.168250  0.668250  0.831750  0.831750 
 0.043250  0.706750  0.706750  0.293250  0.956750  0.956750 
 0.500000  0.000000  0.500000  0.500000  1.000000  0.500000 
 0.875000  0.375000 -0.125000 -0.125000  0.375000  0.875000 
 0.375000  0.375000  0.375000  0.375000  0.375000  0.375000 
 0.875000 -0.125000 -0.125000  0.206750  0.043250  0.543250 
 0.168250  0.831750  0.331750  0.500000  0.500000  0.000000 
 0.500000  0.500000  1.000000  0.831750  0.668250  0.168250 
 0.168250  0.331750  0.831750  0.456750  0.293250  0.793250 
 0.831750  0.168250  0.668250  0.043250  0.206750  0.706750 
 0.625000  0.125000  0.625000  0.625000  0.125000  0.625000 
 0.831750  0.168250  0.168250  0.168250  0.831750  0.831750 
 0.500000  0.500000  0.500000  0.500000  0.500000  0.500000 
 0.000000  0.500000  0.500000  0.000000  0.500000  0.500000 
 0.543250  0.706750  0.206750  0.706750  0.543250  0.043250 
 0.375000  0.875000  0.375000  0.375000 -0.125000  0.375000 

# Cylinder bot centers
 0.125000  0.125000  1.125000  1.125000  1.125000  0.125000 
 1.125000  1.125000  0.125000  0.125000  0.125000  0.125000 
 0.875000  0.875000  0.875000  0.125000  0.125000  0.125000 
 0.875000  0.875000  0.875000  0.125000  0.125000  0.125000 
 0.125000  1.125000  0.125000  0.875000  0.875000 -0.125000 
 0.125000  0.125000  1.125000  0.875000  0.875000  0.875000 
 0.125000  0.125000  1.125000  0.875000 -0.125000  0.875000 
-0.125000 -0.125000  0.875000 -0.125000 -0.125000  0.875000 
 1.125000  0.125000  0.125000 -0.125000  0.875000  0.875000 
 0.875000  0.875000 -0.125000  0.875000  0.875000 -0.125000 

 0.788500  0.461500  0.461500  0.788500  0.461500  0.461500 
 0.788500  0.461500  0.461500  0.461500  0.788500  0.788500 
 0.461500  0.788500  0.788500  0.461500  0.788500  0.788500 
 0.461500  0.788500  0.788500  0.788500  0.461500  0.461500 
 0.538500  0.211500  0.211500  0.461500  0.788500  0.788500 
 0.211500  0.538500  0.538500  0.461500  0.788500  0.788500 
 0.538500  0.211500  0.211500  0.461500  0.788500  0.788500 
 0.538500  0.211500  0.211500  0.211500  0.538500  0.538500 
 0.538500  0.211500  0.211500  0.211500  0.538500  0.538500 
 0.538500  0.211500  0.211500  0.538500  0.211500  0.211500 
 0.211500  0.538500  0.538500  0.538500  0.211500  0.211500 
 0.461500  0.788500  0.788500  0.788500  0.461500  0.461500 
 0.211500  0.538500  0.538500  0.788500  0.461500  0.461500 
 0.788500  0.461500  0.461500  0.211500  0.538500  0.538500 
 0.788500  0.461500  0.461500  0.461500 -0.211500  0.788500 
 0.538500  0.211500  0.211500  0.461500  0.788500  0.788500 
 0.788500  0.461500  0.461500  0.211500  0.538500  0.538500 
 0.211500  0.538500  0.538500 -0.211500  0.461500  0.461500 
 0.211500  0.538500  0.538500  0.538500  0.211500  0.211500 
 0.211500  0.538500  0.538500  0.538500  0.211500  0.211500 

# Cylinder radius
 0.100000  0.100000  0.100000  0.100000  0.100000  0.100000 
 0.100000  0.100000  0.100000  0.100000  0.100000  0.100000 
 0.100000  0.100000  0.100000  0.100000  0.100000  0.100000 
 0.100000  0.100000 

 0.100000  0.100000  0.100000  0.100000  0.100000  0.100000 
 0.100000  0.100000  0.100000  0.100000  0.100000  0.100000 
 0.100000  0.100000  0.100000  0.100000  0.100000  0.100000 
 0.100000  0.100000  0.100000  0.100000  0.100000  0.100000 
 0.100000  0.100000  0.100000  0.100000  0.100000  0.100000 
 0.100000  0.100000  0.100000  0.100000  0.100000  0.100000 
 0.100000  0.100000  0.100000  0.100000 

