# Data name
 No092_ST_SiO2
# Material number
 2
# Lattice type
 primitive_tetragonal
# Lattice constant
 4.957000 0.0  6.890300 0.0 0.0 0.0 
# Sphere number
 4
 8
# Sphere centers
 0.304700  0.304700  0.000000  0.695300  0.695300  0.500000 
 0.195300  0.804700  0.250000  0.804700  0.195300  0.750000 

 0.238100  0.110900  0.182600  0.761900  0.889100  0.682600 
 0.389100  0.738100  0.432600  0.610900  0.261900  0.932600 
 0.261900  0.610900  0.067400  0.738100  0.389100  0.567400 
 0.110900  0.238100  0.817400  0.889100  0.761900  0.317400 

# Sphere radius
 0.100000  0.100000  0.100000  0.100000 

 0.100000  0.100000  0.100000  0.100000  0.100000  0.100000 
 0.100000  0.100000 

# Cylinder number
 12
 12
# Cylinder top centers
 0.271400  0.207800  0.091300  0.283300  0.457800  0.033700 
 0.228600  0.707800  0.158700  0.292200  0.771400  0.341300 
 0.542200  0.716700  0.466300  0.728600  0.792200  0.591300 
 0.716700  0.542200  0.533700  0.792200  0.728600  0.408700 
 0.771400  0.292200  0.658700  0.707800  0.228600  0.841300 
 0.457800  0.283300  0.966300  0.207800  0.271400  0.908700 

 0.271400  0.207800  0.091300  0.283300  0.457800  0.033700 
 0.228600  0.707800  0.158700  0.292200  0.771400  0.341300 
 0.542200  0.716700  0.466300  0.728600  0.792200  0.591300 
 0.716700  0.542200  0.533700  0.792200  0.728600  0.408700 
 0.771400  0.292200  0.658700  0.707800  0.228600  0.841300 
 0.457800  0.283300  0.966300  0.207800  0.271400  0.908700 

# Cylinder bot centers
 0.304700  0.304700  0.000000  0.304700  0.304700  0.000000 
 0.195300  0.804700  0.250000  0.195300  0.804700  0.250000 
 0.695300  0.695300  0.500000  0.695300  0.695300  0.500000 
 0.695300  0.695300  0.500000  0.695300  0.695300  0.500000 
 0.804700  0.195300  0.750000  0.804700  0.195300  0.750000 
 0.304700  0.304700  1.000000  0.304700  0.304700  1.000000 

 0.238100  0.110900  0.182600  0.261900  0.610900  0.067400 
 0.261900  0.610900  0.067400  0.389100  0.738100  0.432600 
 0.389100  0.738100  0.432600  0.761900  0.889100  0.682600 
 0.738100  0.389100  0.567400  0.889100  0.761900  0.317400 
 0.738100  0.389100  0.567400  0.610900  0.261900  0.932600 
 0.610900  0.261900  0.932600  0.110900  0.238100  0.817400 

# Cylinder radius
 0.100000  0.100000  0.100000  0.100000  0.100000  0.100000 
 0.100000  0.100000  0.100000  0.100000  0.100000  0.100000 

 0.100000  0.100000  0.100000  0.100000  0.100000  0.100000 
 0.100000  0.100000  0.100000  0.100000  0.100000  0.100000 

