# Data name
 No139_BCT_Si
# Material number
 1
# Lattice type
 body_centered_tetragonal
# Lattice constant
 3.349160 0.0  6.504650 0.0 0.0 0.0 
# Sphere number
 2
# Sphere centers
 0.000000  0.819000  0.819000  0.000000  0.181000  0.181000 

# Sphere radius
 0.100000  0.100000 

# Cylinder number
 10
# Cylinder top centers
 0.500000  0.500000  0.500000  0.500000  0.500000  0.500000 
 0.500000  1.000000  1.000000  1.000000  1.000000  0.500000 
 1.000000  0.500000  1.000000  0.000000  0.500000  0.000000 
 1.000000  1.000000  1.000000  0.000000  0.000000  0.000000 
 0.500000  0.000000  0.000000  1.000000  0.000000  0.500000 

# Cylinder bot centers
 0.000000  0.181000  0.181000  1.000000  0.819000  0.819000 
 0.000000  0.819000  0.819000  1.000000  0.819000  0.819000 
 1.000000  0.819000  0.819000  0.000000  0.181000  0.181000 
 1.000000  0.819000  0.819000  0.000000  0.181000  0.181000 
 1.000000  0.181000  0.181000  1.000000  0.181000  0.181000 

# Cylinder radius
 0.100000  0.100000  0.100000  0.100000  0.100000  0.100000 
 0.100000  0.100000  0.100000  0.100000 

