# Data name
 No186_Hexagonal_ZnS
# Material number
 2
# Lattice type
 hexagonal
# Lattice constant
 3.822700 0.0  6.242443 0.0 0.0 0.0 
# Sphere number
 2
 2
# Sphere centers
 0.333333  0.666667  0.374800  0.666667  0.333333  0.874800 

 0.333333  0.666667  0.000000  0.666667  0.333333  0.500000 

# Sphere radius
 0.100000  0.100000 

 0.100000  0.100000 

# Cylinder number
 8
 8
# Cylinder top centers
 0.333333  0.666667  0.187400  0.500000  0.500000  0.437400 
 0.666667  0.333333  0.687400  0.500000  0.500000  0.937400 
 0.500000  1.000000  0.437400  0.000000  0.500000  0.437400 
 1.000000  0.500000  0.937400  0.500000  0.000000  0.937400 

 0.333333  0.666667  0.187400  0.500000  0.500000  0.437400 
 0.666667  0.333333  0.687400  0.500000  0.500000  0.937400 
 0.500000  1.000000  0.937400  0.000000  0.500000  0.937400 
 1.000000  0.500000  0.437400  0.500000  0.000000  0.437400 

# Cylinder bot centers
 0.333333  0.666667  0.374800  0.333333  0.666667  0.374800 
 0.666667  0.333333  0.874800  0.666667  0.333333  0.874800 
 0.333333  0.666667  0.374800  0.333333  0.666667  0.374800 
 0.666667  0.333333  0.874800  0.666667  0.333333  0.874800 

 0.333333  0.666667  0.000000  0.666667  0.333333  0.500000 
 0.666667  0.333333  0.500000  0.333333  0.666667  1.000000 
 0.333333  0.666667  1.000000  0.333333  0.666667  1.000000 
 0.666667  0.333333  0.500000  0.666667  0.333333  0.500000 

# Cylinder radius
 0.100000  0.100000  0.100000  0.100000  0.100000  0.100000 
 0.100000  0.100000 

 0.100000  0.100000  0.100000  0.100000  0.100000  0.100000 
 0.100000  0.100000 

