# Data name
 No198_SC_NH3
# Material number
 2
# Lattice type
 simple_cubic
# Lattice constant
 5.130500 0.0 0.0 0.0 0.0 0.0 
# Sphere number
 4
 12
# Sphere centers
 0.210700  0.210700  0.210700  0.289300  0.789300  0.710700 
 0.789300  0.710700  0.289300  0.710700  0.289300  0.789300 

 0.368900  0.267100  0.115900  0.131100  0.732900  0.615900 
 0.631100  0.767100  0.384100  0.868900  0.232900  0.884100 
 0.115900  0.368900  0.267100  0.384100  0.631100  0.767100 
 0.884100  0.868900  0.232900  0.615900  0.131100  0.732900 
 0.267100  0.115900  0.368900  0.232900  0.884100  0.868900 
 0.732900  0.615900  0.131100  0.767100  0.384100  0.631100 

# Sphere radius
 0.100000  0.100000  0.100000  0.100000 

 0.100000  0.100000  0.100000  0.100000  0.100000  0.100000 
 0.100000  0.100000  0.100000  0.100000  0.100000  0.100000 

# Cylinder number
 12
 12
# Cylinder top centers
 0.289800  0.238900  0.163300  0.163300  0.289800  0.238900 
 0.238900  0.163300  0.289800  0.210200  0.761100  0.663300 
 0.336700  0.710200  0.738900  0.261100  0.836700  0.789800 
 0.710200  0.738900  0.336700  0.836700  0.789800  0.261100 
 0.761100  0.663300  0.210200  0.789800  0.261100  0.836700 
 0.663300  0.210200  0.761100  0.738900  0.336700  0.710200 

 0.289800  0.238900  0.163300  0.163300  0.289800  0.238900 
 0.238900  0.163300  0.289800  0.210200  0.761100  0.663300 
 0.336700  0.710200  0.738900  0.261100  0.836700  0.789800 
 0.710200  0.738900  0.336700  0.836700  0.789800  0.261100 
 0.761100  0.663300  0.210200  0.789800  0.261100  0.836700 
 0.663300  0.210200  0.761100  0.738900  0.336700  0.710200 

# Cylinder bot centers
 0.210700  0.210700  0.210700  0.210700  0.210700  0.210700 
 0.210700  0.210700  0.210700  0.289300  0.789300  0.710700 
 0.289300  0.789300  0.710700  0.289300  0.789300  0.710700 
 0.789300  0.710700  0.289300  0.789300  0.710700  0.289300 
 0.789300  0.710700  0.289300  0.710700  0.289300  0.789300 
 0.710700  0.289300  0.789300  0.710700  0.289300  0.789300 

 0.368900  0.267100  0.115900  0.115900  0.368900  0.267100 
 0.267100  0.115900  0.368900  0.131100  0.732900  0.615900 
 0.384100  0.631100  0.767100  0.232900  0.884100  0.868900 
 0.631100  0.767100  0.384100  0.884100  0.868900  0.232900 
 0.732900  0.615900  0.131100  0.868900  0.232900  0.884100 
 0.615900  0.131100  0.732900  0.767100  0.384100  0.631100 

# Cylinder radius
 0.100000  0.100000  0.100000  0.100000  0.100000  0.100000 
 0.100000  0.100000  0.100000  0.100000  0.100000  0.100000 

 0.100000  0.100000  0.100000  0.100000  0.100000  0.100000 
 0.100000  0.100000  0.100000  0.100000  0.100000  0.100000 

