# Data name
 No198_SC_FeSi
# Material number
 2
# Lattice type
 simple_cubic
# Lattice constant
 4.486880 0.0 0.0 0.0 0.0 0.0 
# Sphere number
 4
 4
# Sphere centers
 0.154508  0.154508  0.154508  0.345492  0.845492  0.654508 
 0.845492  0.654508  0.345492  0.654508  0.345492  0.845492 

 0.845492  0.845492  0.845492  0.654508  0.154508  0.345492 
 0.154508  0.345492  0.654508  0.345492  0.654508  0.154508 

# Sphere radius
 0.100000  0.100000  0.100000  0.100000 

 0.100000  0.100000  0.100000  0.100000 

# Cylinder number
 12
 15
# Cylinder top centers
 0.404508  0.154508  0.250000  0.154508  0.250000  0.404508 
 0.250000  0.404508  0.154508  0.595492  0.845492  0.750000 
 0.250000  0.595492  0.654508  0.345492  0.750000  0.404508 
 0.845492  0.750000  0.595492  0.750000  0.404508  0.345492 
 0.595492  0.654508  0.250000  0.750000  0.595492  0.845492 
 0.654508  0.250000  0.595492  0.404508  0.345492  0.750000 

 0.404508  0.154508  0.250000  0.154508  0.250000  0.404508 
 0.250000  0.404508  0.154508  0.595492  0.845492  0.750000 
 0.250000  0.595492  0.654508  0.345492  0.750000  0.404508 
 0.845492  0.750000  0.595492  0.750000  0.404508  0.345492 
 0.595492  0.654508  0.250000  0.750000  0.595492  0.845492 
 0.654508  0.250000  0.595492  0.404508  0.345492  0.750000 
 0.154508  0.345492  0.654508  0.345492  0.654508  0.154508 
 0.654508  0.154508  0.345492 

# Cylinder bot centers
 0.154508  0.154508  0.154508  0.154508  0.154508  0.154508 
 0.154508  0.154508  0.154508  0.345492  0.845492  0.654508 
 0.345492  0.845492  0.654508  0.345492  0.845492  0.654508 
 0.845492  0.654508  0.345492  0.845492  0.654508  0.345492 
 0.845492  0.654508  0.345492  0.654508  0.345492  0.845492 
 0.654508  0.345492  0.845492  0.654508  0.345492  0.845492 

 0.654508  0.154508  0.345492  0.154508  0.345492  0.654508 
 0.345492  0.654508  0.154508  0.845492  0.845492  0.845492 
 0.154508  0.345492  0.654508  0.345492  0.654508  0.154508 
 0.845492  0.845492  0.845492  0.654508  0.154508  0.345492 
 0.345492  0.654508  0.154508  0.845492  0.845492  0.845492 
 0.654508  0.154508  0.345492  0.154508  0.345492  0.654508 
 0.654508  0.154508  0.345492  0.154508  0.345492  0.654508 
 0.345492  0.654508  0.154508 

# Cylinder radius
 0.100000  0.100000  0.100000  0.100000  0.100000  0.100000 
 0.100000  0.100000  0.100000  0.100000  0.100000  0.100000 

 0.100000  0.100000  0.100000  0.100000  0.100000  0.100000 
 0.100000  0.100000  0.100000  0.100000  0.100000  0.100000 
 0.100000  0.100000  0.100000 

