# Data name
 No197_BCC_Ga4Ni
# Material number
 2
# Lattice type
 body_centered_cubic
# Lattice constant
 8.429500 0.0 0.0 0.0 0.0 0.0 
# Sphere number
 16
 4
# Sphere centers
 0.333600  0.333600  0.333600  0.000000  0.000000  0.666400 
 0.000000  0.666400  0.000000  0.666400  0.000000  0.000000 
 0.000000  0.647600  0.647600  0.647600  0.000000  0.647600 
 0.647600  0.647600  0.000000  0.000000  0.352400  0.352400 
 0.352400  0.000000  0.352400  0.352400  0.352400  0.000000 
 0.500000  0.748400  0.248400  0.248400  0.500000  0.748400 
 0.748400  0.248400  0.500000  0.500000  0.251600  0.751600 
 0.751600  0.500000  0.251600  0.251600  0.751600  0.500000 

 0.669000  0.669000  0.669000  0.000000  0.000000  0.331000 
 0.000000  0.331000  0.000000  0.331000  0.000000  0.000000 

# Sphere radius
 0.100000  0.100000  0.100000  0.100000  0.100000  0.100000 
 0.100000  0.100000  0.100000  0.100000  0.100000  0.100000 
 0.100000  0.100000  0.100000  0.100000 

 0.100000  0.100000  0.100000  0.100000 

# Cylinder number
 0
 0
# Cylinder top centers
# Cylinder bot centers
# Cylinder radius
