# Data name
 No198_SC_NiSSb
# Material number
 3
# Lattice type
 simple_cubic
# Lattice constant
 5.881000 0.0 0.0 0.0 0.0 0.0 
# Sphere number
 4
 4
 4
# Sphere centers
 0.976000  0.976000  0.976000  0.524000  0.024000  0.476000 
 0.024000  0.476000  0.524000  0.476000  0.524000  0.024000 

 0.390000  0.390000  0.390000  0.110000  0.610000  0.890000 
 0.610000  0.890000  0.110000  0.890000  0.110000  0.610000 

 0.875000  0.875000  0.875000  0.625000  0.125000  0.375000 
 0.125000  0.375000  0.625000  0.375000  0.625000  0.125000 

# Sphere radius
 0.100000  0.100000  0.100000  0.100000 

 0.100000  0.100000  0.100000  0.100000 

 0.100000  0.100000  0.100000  0.100000 

# Cylinder number
 6
 12
 6
# Cylinder top centers
 0.457000  0.207000  0.433000  0.707000  0.067000  0.543000 
 0.207000  0.433000  0.457000  0.067000  0.543000  0.707000 
 0.433000  0.457000  0.207000  0.543000  0.707000  0.067000 

 0.457000  0.207000  0.433000  0.207000  0.433000  0.457000 
 0.433000  0.457000  0.207000  0.507500  0.257500  0.382500 
 0.257500  0.382500  0.507500  0.382500  0.507500  0.257500 
 0.067000  0.543000  0.707000  0.117500  0.492500  0.757500 
 0.543000  0.707000  0.067000  0.492500  0.757500  0.117500 
 0.707000  0.067000  0.543000  0.757500  0.117500  0.492500 

 0.507500  0.257500  0.382500  0.757500  0.117500  0.492500 
 0.257500  0.382500  0.507500  0.117500  0.492500  0.757500 
 0.382500  0.507500  0.257500  0.492500  0.757500  0.117500 

# Cylinder bot centers
 0.524000  0.024000  0.476000  0.524000  0.024000  0.476000 
 0.024000  0.476000  0.524000  0.024000  0.476000  0.524000 
 0.476000  0.524000  0.024000  0.476000  0.524000  0.024000 

 0.390000  0.390000  0.390000  0.390000  0.390000  0.390000 
 0.390000  0.390000  0.390000  0.390000  0.390000  0.390000 
 0.390000  0.390000  0.390000  0.390000  0.390000  0.390000 
 0.110000  0.610000  0.890000  0.110000  0.610000  0.890000 
 0.610000  0.890000  0.110000  0.610000  0.890000  0.110000 
 0.890000  0.110000  0.610000  0.890000  0.110000  0.610000 

 0.625000  0.125000  0.375000  0.625000  0.125000  0.375000 
 0.125000  0.375000  0.625000  0.125000  0.375000  0.625000 
 0.375000  0.625000  0.125000  0.375000  0.625000  0.125000 

# Cylinder radius
 0.100000  0.100000  0.100000  0.100000  0.100000  0.100000 

 0.100000  0.100000  0.100000  0.100000  0.100000  0.100000 
 0.100000  0.100000  0.100000  0.100000  0.100000  0.100000 

 0.100000  0.100000  0.100000  0.100000  0.100000  0.100000 

