# Data name
 No205_SC_FeS2
# Material number
 2
# Lattice type
 simple_cubic
# Lattice constant
 5.417000 0.0 0.0 0.0 0.0 0.0 
# Sphere number
 4
 8
# Sphere centers
 0.000000  0.000000  0.000000  0.500000  0.000000  0.500000 
 0.000000  0.500000  0.500000  0.500000  0.500000  0.000000 

 0.385100  0.385100  0.385100  0.114900  0.614900  0.885100 
 0.614900  0.885100  0.114900  0.885100  0.114900  0.614900 
 0.614900  0.614900  0.614900  0.885100  0.385100  0.114900 
 0.385100  0.114900  0.885100  0.114900  0.885100  0.385100 

# Sphere radius
 0.100000  0.100000  0.100000  0.100000 

 0.100000  0.100000  0.100000  0.100000  0.100000  0.100000 
 0.100000  0.100000 

# Cylinder number
 24
 24
# Cylinder top centers
 0.442550  0.192550  0.442550  0.192550  0.442550  0.442550 
 0.442550  0.442550  0.192550  0.057450  0.557450  0.692550 
 0.307450  0.557450  0.942550  0.057450  0.807450  0.942550 
 0.557450  0.692550  0.057450  0.807450  0.942550  0.057450 
 0.557450  0.942550  0.307450  0.692550  0.057450  0.557450 
 0.942550  0.307450  0.557450  0.942550  0.057450  0.807450 
 0.557450  0.557450  0.807450  0.557450  0.807450  0.557450 
 0.807450  0.557450  0.557450  0.692550  0.442550  0.057450 
 0.942550  0.192550  0.057450  0.942550  0.442550  0.307450 
 0.192550  0.057450  0.942550  0.442550  0.307450  0.942550 
 0.442550  0.057450  0.692550  0.057450  0.942550  0.192550 
 0.057450  0.692550  0.442550  0.307450  0.942550  0.442550 

 0.442550  0.192550  0.442550  0.192550  0.442550  0.442550 
 0.442550  0.442550  0.192550  0.057450  0.557450  0.692550 
 0.307450  0.557450  0.942550  0.057450  0.807450  0.942550 
 0.557450  0.692550  0.057450  0.807450  0.942550  0.057450 
 0.557450  0.942550  0.307450  0.692550  0.057450  0.557450 
 0.942550  0.307450  0.557450  0.942550  0.057450  0.807450 
 0.557450  0.557450  0.807450  0.557450  0.807450  0.557450 
 0.807450  0.557450  0.557450  0.692550  0.442550  0.057450 
 0.942550  0.192550  0.057450  0.942550  0.442550  0.307450 
 0.192550  0.057450  0.942550  0.442550  0.307450  0.942550 
 0.442550  0.057450  0.692550  0.057450  0.942550  0.192550 
 0.057450  0.692550  0.442550  0.307450  0.942550  0.442550 

# Cylinder bot centers
 0.500000  0.000000  0.500000  0.000000  0.500000  0.500000 
 0.500000  0.500000  0.000000  0.000000  0.500000  0.500000 
 0.500000  0.500000  1.000000  0.000000  1.000000  1.000000 
 0.500000  0.500000  0.000000  1.000000  1.000000  0.000000 
 0.500000  1.000000  0.500000  0.500000  0.000000  0.500000 
 1.000000  0.500000  0.500000  1.000000  0.000000  1.000000 
 0.500000  0.500000  1.000000  0.500000  1.000000  0.500000 
 1.000000  0.500000  0.500000  0.500000  0.500000  0.000000 
 1.000000  0.000000  0.000000  1.000000  0.500000  0.500000 
 0.000000  0.000000  1.000000  0.500000  0.500000  1.000000 
 0.500000  0.000000  0.500000  0.000000  1.000000  0.000000 
 0.000000  0.500000  0.500000  0.500000  1.000000  0.500000 

 0.385100  0.385100  0.385100  0.385100  0.385100  0.385100 
 0.385100  0.385100  0.385100  0.114900  0.614900  0.885100 
 0.114900  0.614900  0.885100  0.114900  0.614900  0.885100 
 0.614900  0.885100  0.114900  0.614900  0.885100  0.114900 
 0.614900  0.885100  0.114900  0.885100  0.114900  0.614900 
 0.885100  0.114900  0.614900  0.885100  0.114900  0.614900 
 0.614900  0.614900  0.614900  0.614900  0.614900  0.614900 
 0.614900  0.614900  0.614900  0.885100  0.385100  0.114900 
 0.885100  0.385100  0.114900  0.885100  0.385100  0.114900 
 0.385100  0.114900  0.885100  0.385100  0.114900  0.885100 
 0.385100  0.114900  0.885100  0.114900  0.885100  0.385100 
 0.114900  0.885100  0.385100  0.114900  0.885100  0.385100 

# Cylinder radius
 0.100000  0.100000  0.100000  0.100000  0.100000  0.100000 
 0.100000  0.100000  0.100000  0.100000  0.100000  0.100000 
 0.100000  0.100000  0.100000  0.100000  0.100000  0.100000 
 0.100000  0.100000  0.100000  0.100000  0.100000  0.100000 

 0.100000  0.100000  0.100000  0.100000  0.100000  0.100000 
 0.100000  0.100000  0.100000  0.100000  0.100000  0.100000 
 0.100000  0.100000  0.100000  0.100000  0.100000  0.100000 
 0.100000  0.100000  0.100000  0.100000  0.100000  0.100000 

