# Data name
 No205_SC_CuCl
# Material number
 2
# Lattice type
 simple_cubic
# Lattice constant
 6.416200 0.0 0.0 0.0 0.0 0.0 
# Sphere number
 8
 8
# Sphere centers
 0.629700  0.629700  0.629700  0.870300  0.370300  0.129700 
 0.370300  0.129700  0.870300  0.129700  0.870300  0.370300 
 0.370300  0.370300  0.370300  0.129700  0.629700  0.870300 
 0.629700  0.870300  0.129700  0.870300  0.129700  0.629700 

 0.152700  0.152700  0.152700  0.347300  0.847300  0.652700 
 0.847300  0.652700  0.347300  0.652700  0.347300  0.847300 
 0.847300  0.847300  0.847300  0.652700  0.152700  0.347300 
 0.152700  0.347300  0.652700  0.347300  0.652700  0.152700 

# Sphere radius
 0.100000  0.100000  0.100000  0.100000  0.100000  0.100000 
 0.100000  0.100000 

 0.100000  0.100000  0.100000  0.100000  0.100000  0.100000 
 0.100000  0.100000 

# Cylinder number
 20
 20
# Cylinder top centers
 0.488500  0.738500  0.641200  0.738500  0.641200  0.488500 
 0.641200  0.488500  0.738500  0.738500  0.738500  0.738500 
 0.858800  0.511500  0.238500  0.761500  0.261500  0.238500 
 0.511500  0.238500  0.858800  0.261500  0.238500  0.761500 
 0.238500  0.858800  0.511500  0.238500  0.761500  0.261500 
 0.261500  0.261500  0.261500  0.511500  0.261500  0.358800 
 0.261500  0.358800  0.511500  0.358800  0.511500  0.261500 
 0.238500  0.738500  0.761500  0.141200  0.488500  0.761500 
 0.738500  0.761500  0.238500  0.488500  0.761500  0.141200 
 0.761500  0.238500  0.738500  0.761500  0.141200  0.488500 

 0.261500  0.261500  0.261500  0.488500  0.738500  0.641200 
 0.238500  0.858800  0.511500  0.238500  0.738500  0.761500 
 0.738500  0.641200  0.488500  0.858800  0.511500  0.238500 
 0.738500  0.761500  0.238500  0.641200  0.488500  0.738500 
 0.511500  0.238500  0.858800  0.761500  0.238500  0.738500 
 0.738500  0.738500  0.738500  0.761500  0.261500  0.238500 
 0.511500  0.261500  0.358800  0.761500  0.141200  0.488500 
 0.261500  0.238500  0.761500  0.261500  0.358800  0.511500 
 0.141200  0.488500  0.761500  0.238500  0.761500  0.261500 
 0.358800  0.511500  0.261500  0.488500  0.761500  0.141200 

# Cylinder bot centers
 0.629700  0.629700  0.629700  0.629700  0.629700  0.629700 
 0.629700  0.629700  0.629700  0.629700  0.629700  0.629700 
 0.870300  0.370300  0.129700  0.870300  0.370300  0.129700 
 0.370300  0.129700  0.870300  0.370300  0.129700  0.870300 
 0.129700  0.870300  0.370300  0.129700  0.870300  0.370300 
 0.370300  0.370300  0.370300  0.370300  0.370300  0.370300 
 0.370300  0.370300  0.370300  0.370300  0.370300  0.370300 
 0.129700  0.629700  0.870300  0.129700  0.629700  0.870300 
 0.629700  0.870300  0.129700  0.629700  0.870300  0.129700 
 0.870300  0.129700  0.629700  0.870300  0.129700  0.629700 

 0.152700  0.152700  0.152700  0.347300  0.847300  0.652700 
 0.347300  0.847300  0.652700  0.347300  0.847300  0.652700 
 0.847300  0.652700  0.347300  0.847300  0.652700  0.347300 
 0.847300  0.652700  0.347300  0.652700  0.347300  0.847300 
 0.652700  0.347300  0.847300  0.652700  0.347300  0.847300 
 0.847300  0.847300  0.847300  0.652700  0.152700  0.347300 
 0.652700  0.152700  0.347300  0.652700  0.152700  0.347300 
 0.152700  0.347300  0.652700  0.152700  0.347300  0.652700 
 0.152700  0.347300  0.652700  0.347300  0.652700  0.152700 
 0.347300  0.652700  0.152700  0.347300  0.652700  0.152700 

# Cylinder radius
 0.100000  0.100000  0.100000  0.100000  0.100000  0.100000 
 0.100000  0.100000  0.100000  0.100000  0.100000  0.100000 
 0.100000  0.100000  0.100000  0.100000  0.100000  0.100000 
 0.100000  0.100000 

 0.100000  0.100000  0.100000  0.100000  0.100000  0.100000 
 0.100000  0.100000  0.100000  0.100000  0.100000  0.100000 
 0.100000  0.100000  0.100000  0.100000  0.100000  0.100000 
 0.100000  0.100000 

