# Data name
 No204_BCC_Mg32AlZn49
# Material number
 8
# Lattice type
 body_centered_cubic
# Lattice constant
 14.160000 0.0 0.0 0.0 0.0 0.0 
# Sphere number
 1
 6
 6
 8
 12
 12
 12
 24
# Sphere centers
 0.000000  0.000000  0.000000 

 0.500000  0.320300  0.820300  0.500000  0.679700  0.179700 
 0.820300  0.500000  0.320300  0.179700  0.500000  0.679700 
 0.320300  0.820300  0.500000  0.679700  0.179700  0.500000 

 0.500000  0.099800  0.599800  0.500000  0.900200  0.400200 
 0.599800  0.500000  0.099800  0.400200  0.500000  0.900200 
 0.099800  0.599800  0.500000  0.900200  0.400200  0.500000 

 0.367200  0.367200  0.367200  0.367200  0.000000  0.000000 
 0.000000  0.367200  0.000000  0.000000  0.000000  0.367200 
 0.632800  0.632800  0.632800  0.632800  0.000000  0.000000 
 0.000000  0.632800  0.000000  0.000000  0.000000  0.632800 

 0.174800  0.880600  0.294200  0.586400  0.880600  0.705800 
 0.413600  0.119400  0.294200  0.825200  0.119400  0.705800 
 0.294200  0.174800  0.880600  0.294200  0.413600  0.119400 
 0.705800  0.586400  0.880600  0.705800  0.825200  0.119400 
 0.880600  0.294200  0.174800  0.880600  0.705800  0.586400 
 0.119400  0.294200  0.413600  0.119400  0.705800  0.825200 

 0.940700  0.849900  0.090800  0.759100  0.849900  0.909200 
 0.240900  0.150100  0.090800  0.059300  0.150100  0.909200 
 0.090800  0.940700  0.849900  0.090800  0.240900  0.150100 
 0.909200  0.759100  0.849900  0.909200  0.059300  0.150100 
 0.849900  0.090800  0.940700  0.849900  0.909200  0.759100 
 0.150100  0.090800  0.240900  0.150100  0.909200  0.059300 

 0.874100  0.699300  0.174800  0.524500  0.699300  0.825200 
 0.475500  0.300700  0.174800  0.125900  0.300700  0.825200 
 0.174800  0.874100  0.699300  0.174800  0.475500  0.300700 
 0.825200  0.524500  0.699300  0.825200  0.125900  0.300700 
 0.699300  0.174800  0.874100  0.699300  0.825200  0.524500 
 0.300700  0.174800  0.475500  0.300700  0.825200  0.125900 

 0.428900  0.018000  0.782900  0.235100  0.646000  0.217100 
 0.764900  0.982000  0.410900  0.571100  0.354000  0.589100 
 0.571100  0.982000  0.217100  0.764900  0.354000  0.782900 
 0.235100  0.018000  0.589100  0.428900  0.646000  0.410900 
 0.782900  0.428900  0.018000  0.410900  0.764900  0.982000 
 0.589100  0.571100  0.354000  0.217100  0.235100  0.646000 
 0.217100  0.571100  0.982000  0.589100  0.235100  0.018000 
 0.410900  0.428900  0.646000  0.782900  0.764900  0.354000 
 0.018000  0.782900  0.428900  0.354000  0.589100  0.571100 
 0.646000  0.217100  0.235100  0.982000  0.410900  0.764900 
 0.982000  0.217100  0.571100  0.646000  0.410900  0.428900 
 0.354000  0.782900  0.764900  0.018000  0.589100  0.235100 

# Sphere radius
 0.100000 

 0.100000  0.100000  0.100000  0.100000  0.100000  0.100000 

 0.100000  0.100000  0.100000  0.100000  0.100000  0.100000 

 0.100000  0.100000  0.100000  0.100000  0.100000  0.100000 
 0.100000  0.100000 

 0.100000  0.100000  0.100000  0.100000  0.100000  0.100000 
 0.100000  0.100000  0.100000  0.100000  0.100000  0.100000 

 0.100000  0.100000  0.100000  0.100000  0.100000  0.100000 
 0.100000  0.100000  0.100000  0.100000  0.100000  0.100000 

 0.100000  0.100000  0.100000  0.100000  0.100000  0.100000 
 0.100000  0.100000  0.100000  0.100000  0.100000  0.100000 

 0.100000  0.100000  0.100000  0.100000  0.100000  0.100000 
 0.100000  0.100000  0.100000  0.100000  0.100000  0.100000 
 0.100000  0.100000  0.100000  0.100000  0.100000  0.100000 
 0.100000  0.100000  0.100000  0.100000  0.100000  0.100000 

# Cylinder number
 0
 0
 0
 0
 0
 0
 0
 0
# Cylinder top centers
# Cylinder bot centers
# Cylinder radius
