# Data name
 No215_SC_Cu3S4V
# Material number
 3
# Lattice type
 simple_cubic
# Lattice constant
 5.391200 0.0 0.0 0.0 0.0 0.0 
# Sphere number
 1
 3
 4
# Sphere centers
 0.000000  0.000000  0.000000 

 0.500000  0.000000  0.000000  0.000000  0.500000  0.000000 
 0.000000  0.000000  0.500000 

 0.237200  0.237200  0.237200  0.762800  0.762800  0.237200 
 0.762800  0.237200  0.762800  0.237200  0.762800  0.762800 

# Sphere radius
 0.100000 

 0.100000  0.100000  0.100000 

 0.100000  0.100000  0.100000  0.100000 

# Cylinder number
 4
 12
 16
# Cylinder top centers
 0.118600  0.118600  0.118600  0.881400  0.881400  0.118600 
 0.881400  0.118600  0.881400  0.118600  0.881400  0.881400 

 0.368600  0.118600  0.118600  0.118600  0.368600  0.118600 
 0.118600  0.118600  0.368600  0.631400  0.881400  0.118600 
 0.881400  0.631400  0.118600  0.881400  0.881400  0.368600 
 0.881400  0.368600  0.881400  0.881400  0.118600  0.631400 
 0.631400  0.118600  0.881400  0.118600  0.881400  0.631400 
 0.118600  0.631400  0.881400  0.368600  0.881400  0.881400 

 0.118600  0.118600  0.118600  0.368600  0.118600  0.118600 
 0.118600  0.368600  0.118600  0.118600  0.118600  0.368600 
 0.881400  0.881400  0.118600  0.631400  0.881400  0.118600 
 0.881400  0.631400  0.118600  0.881400  0.881400  0.368600 
 0.881400  0.118600  0.881400  0.881400  0.368600  0.881400 
 0.881400  0.118600  0.631400  0.631400  0.118600  0.881400 
 0.118600  0.881400  0.881400  0.118600  0.881400  0.631400 
 0.118600  0.631400  0.881400  0.368600  0.881400  0.881400 

# Cylinder bot centers
 0.000000  0.000000  0.000000  1.000000  1.000000  0.000000 
 1.000000  0.000000  1.000000  0.000000  1.000000  1.000000 

 0.500000  0.000000  0.000000  0.000000  0.500000  0.000000 
 0.000000  0.000000  0.500000  0.500000  1.000000  0.000000 
 1.000000  0.500000  0.000000  1.000000  1.000000  0.500000 
 1.000000  0.500000  1.000000  1.000000  0.000000  0.500000 
 0.500000  0.000000  1.000000  0.000000  1.000000  0.500000 
 0.000000  0.500000  1.000000  0.500000  1.000000  1.000000 

 0.237200  0.237200  0.237200  0.237200  0.237200  0.237200 
 0.237200  0.237200  0.237200  0.237200  0.237200  0.237200 
 0.762800  0.762800  0.237200  0.762800  0.762800  0.237200 
 0.762800  0.762800  0.237200  0.762800  0.762800  0.237200 
 0.762800  0.237200  0.762800  0.762800  0.237200  0.762800 
 0.762800  0.237200  0.762800  0.762800  0.237200  0.762800 
 0.237200  0.762800  0.762800  0.237200  0.762800  0.762800 
 0.237200  0.762800  0.762800  0.237200  0.762800  0.762800 

# Cylinder radius
 0.100000  0.100000  0.100000  0.100000 

 0.100000  0.100000  0.100000  0.100000  0.100000  0.100000 
 0.100000  0.100000  0.100000  0.100000  0.100000  0.100000 

 0.100000  0.100000  0.100000  0.100000  0.100000  0.100000 
 0.100000  0.100000  0.100000  0.100000  0.100000  0.100000 
 0.100000  0.100000  0.100000  0.100000 

