# Data name
 No217_BCC_alpha_Mn
# Material number
 1
# Lattice type
 body_centered_cubic
# Lattice constant
 8.911000 0.0 0.0 0.0 0.0 0.0 
# Sphere number
 29
# Sphere centers
 0.000000  0.000000  0.000000  0.635740  0.635740  0.635740 
 0.000000  0.000000  0.364260  0.000000  0.364260  0.000000 
 0.364260  0.000000  0.000000  0.192360  0.192360  0.820840 
 0.371520  0.371520  0.179160  0.628480  0.807640  0.000000 
 0.807640  0.628480  0.000000  0.820840  0.192360  0.192360 
 0.179160  0.371520  0.371520  0.000000  0.628480  0.807640 
 0.000000  0.807640  0.628480  0.192360  0.820840  0.192360 
 0.371520  0.179160  0.371520  0.807640  0.000000  0.628480 
 0.628480  0.000000  0.807640  0.677510  0.677510  0.285880 
 0.391630  0.391630  0.714120  0.608370  0.322490  0.000000 
 0.322490  0.608370  0.000000  0.285880  0.677510  0.677510 
 0.714120  0.391630  0.391630  0.000000  0.608370  0.322490 
 0.000000  0.322490  0.608370  0.677510  0.285880  0.677510 
 0.391630  0.714120  0.391630  0.322490  0.000000  0.608370 
 0.608370  0.000000  0.322490 

# Sphere radius
 0.100000  0.100000  0.100000  0.100000  0.100000  0.100000 
 0.100000  0.100000  0.100000  0.100000  0.100000  0.100000 
 0.100000  0.100000  0.100000  0.100000  0.100000  0.100000 
 0.100000  0.100000  0.100000  0.100000  0.100000  0.100000 
 0.100000  0.100000  0.100000  0.100000  0.100000 

# Cylinder number
 0
# Cylinder top centers
# Cylinder bot centers
# Cylinder radius
