# Data name
 No215_SC_Fe4C
# Material number
 2
# Lattice type
 simple_cubic
# Lattice constant
 3.878000 0.0 0.0 0.0 0.0 0.0 
# Sphere number
 1
 4
# Sphere centers
 0.000000  0.000000  0.000000 

 0.265000  0.265000  0.265000  0.735000  0.735000  0.265000 
 0.735000  0.265000  0.735000  0.265000  0.735000  0.735000 

# Sphere radius
 0.100000 

 0.100000  0.100000  0.100000  0.100000 

# Cylinder number
 4
 4
# Cylinder top centers
 0.132500  0.132500  0.132500  0.867500  0.867500  0.132500 
 0.867500  0.132500  0.867500  0.132500  0.867500  0.867500 

 0.265000  0.265000  0.265000  0.735000  0.735000  0.265000 
 0.735000  0.265000  0.735000  0.265000  0.735000  0.735000 

# Cylinder bot centers
 0.000000  0.000000  0.000000  1.000000  1.000000  0.000000 
 1.000000  0.000000  1.000000  0.000000  1.000000  1.000000 

 0.132500  0.132500  0.132500  0.867500  0.867500  0.132500 
 0.867500  0.132500  0.867500  0.132500  0.867500  0.867500 

# Cylinder radius
 0.100000  0.100000  0.100000  0.100000 

 0.100000  0.100000  0.100000  0.100000 

