# Data name
 No217_BCC_Cu5Zn8
# Material number
 2
# Lattice type
 body_centered_cubic
# Lattice constant
 8.866400 0.0 0.0 0.0 0.0 0.0 
# Sphere number
 16
 10
# Sphere centers
 0.215620  0.215620  0.215620  0.000000  0.000000  0.784380 
 0.000000  0.784380  0.000000  0.784380  0.000000  0.000000 
 0.725180  0.725180  0.376880  0.348300  0.348300  0.623120 
 0.651700  0.274820  0.000000  0.274820  0.651700  0.000000 
 0.376880  0.725180  0.725180  0.623120  0.348300  0.348300 
 0.000000  0.651700  0.274820  0.000000  0.274820  0.651700 
 0.725180  0.376880  0.725180  0.348300  0.623120  0.348300 
 0.274820  0.000000  0.651700  0.651700  0.000000  0.274820 

 0.655480  0.655480  0.655480  0.000000  0.000000  0.344520 
 0.000000  0.344520  0.000000  0.344520  0.000000  0.000000 
 0.000000  0.644210  0.644210  0.644210  0.000000  0.644210 
 0.644210  0.644210  0.000000  0.000000  0.355790  0.355790 
 0.355790  0.000000  0.355790  0.355790  0.355790  0.000000 

# Sphere radius
 0.100000  0.100000  0.100000  0.100000  0.100000  0.100000 
 0.100000  0.100000  0.100000  0.100000  0.100000  0.100000 
 0.100000  0.100000  0.100000  0.100000 

 0.100000  0.100000  0.100000  0.100000  0.100000  0.100000 
 0.100000  0.100000  0.100000  0.100000 

# Cylinder number
 0
 0
# Cylinder top centers
# Cylinder bot centers
# Cylinder radius
