# Data name
 No215_SC_AsCu3S4
# Material number
 3
# Lattice type
 simple_cubic
# Lattice constant
 5.280000 0.0 0.0 0.0 0.0 0.0 
# Sphere number
 1
 3
 4
# Sphere centers
 0.000000  0.000000  0.000000 

 0.000000  0.500000  0.500000  0.500000  0.000000  0.500000 
 0.500000  0.500000  0.000000 

 0.250000  0.250000  0.250000  0.750000  0.750000  0.250000 
 0.750000  0.250000  0.750000  0.250000  0.750000  0.750000 

# Sphere radius
 0.100000 

 0.100000  0.100000  0.100000 

 0.100000  0.100000  0.100000  0.100000 

# Cylinder number
 4
 12
 16
# Cylinder top centers
 0.125000  0.125000  0.125000  0.875000  0.875000  0.125000 
 0.875000  0.125000  0.875000  0.125000  0.875000  0.875000 

 0.375000  0.375000  0.125000  0.125000  0.375000  0.375000 
 0.375000  0.125000  0.375000  0.625000  0.625000  0.125000 
 0.875000  0.625000  0.375000  0.625000  0.875000  0.375000 
 0.875000  0.375000  0.625000  0.625000  0.125000  0.625000 
 0.625000  0.375000  0.875000  0.125000  0.625000  0.625000 
 0.375000  0.875000  0.625000  0.375000  0.625000  0.875000 

 0.125000  0.125000  0.125000  0.375000  0.375000  0.125000 
 0.125000  0.375000  0.375000  0.375000  0.125000  0.375000 
 0.875000  0.875000  0.125000  0.625000  0.625000  0.125000 
 0.875000  0.625000  0.375000  0.625000  0.875000  0.375000 
 0.875000  0.125000  0.875000  0.875000  0.375000  0.625000 
 0.625000  0.125000  0.625000  0.625000  0.375000  0.875000 
 0.125000  0.875000  0.875000  0.125000  0.625000  0.625000 
 0.375000  0.875000  0.625000  0.375000  0.625000  0.875000 

# Cylinder bot centers
 0.000000  0.000000  0.000000  1.000000  1.000000  0.000000 
 1.000000  0.000000  1.000000  0.000000  1.000000  1.000000 

 0.500000  0.500000  0.000000  0.000000  0.500000  0.500000 
 0.500000  0.000000  0.500000  0.500000  0.500000  0.000000 
 1.000000  0.500000  0.500000  0.500000  1.000000  0.500000 
 1.000000  0.500000  0.500000  0.500000  0.000000  0.500000 
 0.500000  0.500000  1.000000  0.000000  0.500000  0.500000 
 0.500000  1.000000  0.500000  0.500000  0.500000  1.000000 

 0.250000  0.250000  0.250000  0.250000  0.250000  0.250000 
 0.250000  0.250000  0.250000  0.250000  0.250000  0.250000 
 0.750000  0.750000  0.250000  0.750000  0.750000  0.250000 
 0.750000  0.750000  0.250000  0.750000  0.750000  0.250000 
 0.750000  0.250000  0.750000  0.750000  0.250000  0.750000 
 0.750000  0.250000  0.750000  0.750000  0.250000  0.750000 
 0.250000  0.750000  0.750000  0.250000  0.750000  0.750000 
 0.250000  0.750000  0.750000  0.250000  0.750000  0.750000 

# Cylinder radius
 0.100000  0.100000  0.100000  0.100000 

 0.100000  0.100000  0.100000  0.100000  0.100000  0.100000 
 0.100000  0.100000  0.100000  0.100000  0.100000  0.100000 

 0.100000  0.100000  0.100000  0.100000  0.100000  0.100000 
 0.100000  0.100000  0.100000  0.100000  0.100000  0.100000 
 0.100000  0.100000  0.100000  0.100000 

