# Data name
 No217_BCC_SiF4
# Material number
 2
# Lattice type
 body_centered_cubic
# Lattice constant
 5.458580 0.0 0.0 0.0 0.0 0.0 
# Sphere number
 1
 4
# Sphere centers
 0.000000  0.000000  0.000000 

 0.330000  0.330000  0.330000  0.000000  0.000000  0.670000 
 0.000000  0.670000  0.000000  0.670000  0.000000  0.000000 

# Sphere radius
 0.100000 

 0.100000  0.100000  0.100000  0.100000 

# Cylinder number
 4
 4
# Cylinder top centers
 0.165000  0.165000  0.165000  0.835000  0.000000  0.000000 
 0.000000  0.835000  0.000000  0.000000  0.000000  0.835000 

 0.165000  0.165000  0.165000  0.835000  0.000000  0.000000 
 0.000000  0.835000  0.000000  0.000000  0.000000  0.835000 

# Cylinder bot centers
 0.000000  0.000000  0.000000  1.000000  0.000000  0.000000 
 0.000000  1.000000  0.000000  0.000000  0.000000  1.000000 

 0.330000  0.330000  0.330000  0.670000  0.000000  0.000000 
 0.000000  0.670000  0.000000  0.000000  0.000000  0.670000 

# Cylinder radius
 0.100000  0.100000  0.100000  0.100000 

 0.100000  0.100000  0.100000  0.100000 

