# Data name
 No216_FCC_AgAsMg
# Material number
 3
# Lattice type
 face_centered_cubic
# Lattice constant
 6.240000 0.0 0.0 0.0 0.0 0.0 
# Sphere number
 1
 1
 1
# Sphere centers
 0.000000  0.000000  0.000000 

 0.500000  0.500000  0.500000 

 0.250000  0.250000  0.250000 

# Sphere radius
 0.100000 

 0.100000 

 0.100000 

# Cylinder number
 4
 3
 7
# Cylinder top centers
 0.125000  0.125000  0.125000  0.125000  0.125000  0.625000 
 0.625000  0.125000  0.125000  0.125000  0.625000  0.125000 

 0.375000  0.375000  0.375000  0.375000 -0.125000  0.375000 
-0.125000  0.375000  0.375000 

 0.125000  0.125000  0.125000  0.375000  0.375000  0.375000 
 0.125000  0.125000  0.625000  0.625000  0.125000  0.125000 
 0.125000  0.625000  0.125000  0.375000 -0.125000  0.375000 
-0.125000  0.375000  0.375000 

# Cylinder bot centers
 0.000000  0.000000  0.000000  0.000000  0.000000  1.000000 
 1.000000  0.000000  0.000000  0.000000  1.000000  0.000000 

 0.500000  0.500000  0.500000  0.500000 -0.500000  0.500000 
-0.500000  0.500000  0.500000 

 0.250000  0.250000  0.250000  0.250000  0.250000  0.250000 
 0.250000  0.250000  0.250000  0.250000  0.250000  0.250000 
 0.250000  0.250000  0.250000  0.250000  0.250000  0.250000 
 0.250000  0.250000  0.250000 

# Cylinder radius
 0.100000  0.100000  0.100000  0.100000 

 0.100000  0.100000  0.100000 

 0.100000  0.100000  0.100000  0.100000  0.100000  0.100000 
 0.100000 

