# Data name
 No225_FCC_CrFe18Ni8
# Material number
 3
# Lattice type
 face_centered_cubic
# Lattice constant
 10.560000 0.0 0.0 0.0 0.0 0.0 
# Sphere number
 1
 18
 8
# Sphere centers
 0.000000  0.000000  0.000000 

 0.675000  0.325000  0.325000  0.325000  0.675000  0.325000 
 0.325000  0.325000  0.675000  0.325000  0.675000  0.675000 
 0.675000  0.325000  0.675000  0.675000  0.675000  0.325000 
 0.320000  0.000000  0.000000  0.000000  0.320000  0.680000 
 0.000000  0.680000  0.320000  0.680000  0.000000  0.000000 
 0.000000  0.320000  0.000000  0.680000  0.000000  0.320000 
 0.320000  0.000000  0.680000  0.000000  0.680000  0.000000 
 0.000000  0.000000  0.320000  0.320000  0.680000  0.000000 
 0.680000  0.320000  0.000000  0.000000  0.000000  0.680000 

 0.658330  0.658330  0.658330  0.658330  0.658330  0.025010 
 0.658330  0.025010  0.658330  0.025010  0.658330  0.658330 
 0.341670  0.341670  0.974990  0.341670  0.341670  0.341670 
 0.341670  0.974990  0.341670  0.974990  0.341670  0.341670 

# Sphere radius
 0.100000 

 0.100000  0.100000  0.100000  0.100000  0.100000  0.100000 
 0.100000  0.100000  0.100000  0.100000  0.100000  0.100000 
 0.100000  0.100000  0.100000  0.100000  0.100000  0.100000 

 0.100000  0.100000  0.100000  0.100000  0.100000  0.100000 
 0.100000  0.100000 

# Cylinder number
 0
 0
 0
# Cylinder top centers
# Cylinder bot centers
# Cylinder radius
