# Data name
 No227_FCC_NiTi2
# Material number
 2
# Lattice type
 face_centered_cubic
# Lattice constant
 11.278000 0.0 0.0 0.0 0.0 0.0 
# Sphere number
 8
 16
# Sphere centers
 0.215000  0.215000  0.215000  0.215000  0.215000  0.855000 
 0.215000  0.855000  0.215000  0.855000  0.215000  0.215000 
 0.785000  0.785000  0.145000  0.785000  0.785000  0.785000 
 0.785000  0.145000  0.785000  0.145000  0.785000  0.785000 

 0.000000  0.000000  0.000000  0.000000  0.000000  0.500000 
 0.000000  0.500000  0.000000  0.500000  0.000000  0.000000 
 0.810000  0.440000  0.440000  0.440000  0.810000  0.810000 
 0.440000  0.810000  0.440000  0.810000  0.440000  0.810000 
 0.440000  0.440000  0.810000  0.810000  0.810000  0.440000 
 0.190000  0.560000  0.190000  0.560000  0.190000  0.560000 
 0.560000  0.190000  0.190000  0.190000  0.560000  0.560000 
 0.560000  0.560000  0.190000  0.190000  0.190000  0.560000 

# Sphere radius
 0.100000  0.100000  0.100000  0.100000  0.100000  0.100000 
 0.100000  0.100000 

 0.100000  0.100000  0.100000  0.100000  0.100000  0.100000 
 0.100000  0.100000  0.100000  0.100000  0.100000  0.100000 
 0.100000  0.100000  0.100000  0.100000 

# Cylinder number
 0
 0
# Cylinder top centers
# Cylinder bot centers
# Cylinder radius
