# Data name
 No229_BCC_Sb2Tl7
# Material number
 4
# Lattice type
 body_centered_cubic
# Lattice constant
 11.618000 0.0 0.0 0.0 0.0 0.0 
# Sphere number
 1
 6
 8
 12
# Sphere centers
 0.000000  0.000000  0.000000 

 0.000000  0.686200  0.686200  0.686200  0.000000  0.686200 
 0.686200  0.686200  0.000000  0.000000  0.313800  0.313800 
 0.313800  0.000000  0.313800  0.313800  0.313800  0.000000 

 0.340800  0.340800  0.340800  0.000000  0.000000  0.659200 
 0.000000  0.659200  0.000000  0.659200  0.000000  0.000000 
 0.000000  0.000000  0.340800  0.659200  0.659200  0.659200 
 0.000000  0.340800  0.000000  0.340800  0.000000  0.000000 

 0.300600  0.650300  0.650300  0.000000  0.650300  0.349700 
 0.000000  0.349700  0.650300  0.699400  0.349700  0.349700 
 0.650300  0.300600  0.650300  0.349700  0.000000  0.650300 
 0.650300  0.000000  0.349700  0.349700  0.699400  0.349700 
 0.650300  0.650300 -0.699400  0.650300  0.349700  0.000000 
 0.349700  0.650300  0.000000  0.349700  0.349700  0.699400 

# Sphere radius
 0.100000 

 0.100000  0.100000  0.100000  0.100000  0.100000  0.100000 

 0.100000  0.100000  0.100000  0.100000  0.100000  0.100000 
 0.100000  0.100000 

 0.100000  0.100000  0.100000  0.100000  0.100000  0.100000 
 0.100000  0.100000  0.100000  0.100000  0.100000  0.100000 

# Cylinder number
 0
 0
 0
 0
# Cylinder top centers
# Cylinder bot centers
# Cylinder radius
