# Data name
 No224_SC_Cu2O
# Material number
 2
# Lattice type
 simple_cubic
# Lattice constant
 4.267000 0.0 0.0 0.0 0.0 0.0 
# Sphere number
 2
 4
# Sphere centers
 0.250000  0.250000  0.250000  0.750000  0.750000  0.750000 

 0.000000  0.000000  0.000000  0.500000  0.500000  0.000000 
 0.500000  0.000000  0.500000  0.000000  0.500000  0.500000 

# Sphere radius
 0.100000  0.100000 

 0.100000  0.100000  0.100000  0.100000 

# Cylinder number
 8
 8
# Cylinder top centers
 0.125000  0.125000  0.125000  0.375000  0.375000  0.125000 
 0.375000  0.125000  0.375000  0.125000  0.375000  0.375000 
 0.875000  0.875000  0.875000  0.625000  0.625000  0.875000 
 0.625000  0.875000  0.625000  0.875000  0.625000  0.625000 

 0.125000  0.125000  0.125000  0.375000  0.375000  0.125000 
 0.375000  0.125000  0.375000  0.125000  0.375000  0.375000 
 0.875000  0.875000  0.875000  0.625000  0.625000  0.875000 
 0.625000  0.875000  0.625000  0.875000  0.625000  0.625000 

# Cylinder bot centers
 0.250000  0.250000  0.250000  0.250000  0.250000  0.250000 
 0.250000  0.250000  0.250000  0.250000  0.250000  0.250000 
 0.750000  0.750000  0.750000  0.750000  0.750000  0.750000 
 0.750000  0.750000  0.750000  0.750000  0.750000  0.750000 

 0.000000  0.000000  0.000000  0.500000  0.500000  0.000000 
 0.500000  0.000000  0.500000  0.000000  0.500000  0.500000 
 1.000000  1.000000  1.000000  0.500000  0.500000  1.000000 
 0.500000  1.000000  0.500000  1.000000  0.500000  0.500000 

# Cylinder radius
 0.100000  0.100000  0.100000  0.100000  0.100000  0.100000 
 0.100000  0.100000 

 0.100000  0.100000  0.100000  0.100000  0.100000  0.100000 
 0.100000  0.100000 

