# Data name
 No229_BCC_H3S
# Material number
 2
# Lattice type
 body_centered_cubic
# Lattice constant
 2.984000 0.0 0.0 0.0 0.0 0.0 
# Sphere number
 1
 3
# Sphere centers
 0.000000  0.000000  0.000000 

 0.000000  0.500000  0.500000  0.500000  0.000000  0.500000 
 0.500000  0.500000  0.000000 

# Sphere radius
 0.100000 

 0.100000  0.100000  0.100000 

# Cylinder number
 6
 6
# Cylinder top centers
 0.000000  0.250000  0.250000  0.250000  0.000000  0.250000 
 0.250000  0.250000  0.000000  0.000000  0.750000  0.750000 
 0.750000  0.750000  1.000000  0.750000  1.000000  0.750000 

 0.000000  0.250000  0.250000  0.250000  0.000000  0.250000 
 0.250000  0.250000  0.000000  0.000000  0.750000  0.750000 
 0.750000  0.750000  1.000000  0.750000  1.000000  0.750000 

# Cylinder bot centers
 0.000000  0.000000  0.000000  0.000000  0.000000  0.000000 
 0.000000  0.000000  0.000000  0.000000  1.000000  1.000000 
 1.000000  1.000000  1.000000  1.000000  1.000000  1.000000 

 0.000000  0.500000  0.500000  0.500000  0.000000  0.500000 
 0.500000  0.500000  0.000000  0.000000  0.500000  0.500000 
 0.500000  0.500000  1.000000  0.500000  1.000000  0.500000 

# Cylinder radius
 0.100000  0.100000  0.100000  0.100000  0.100000  0.100000 

 0.100000  0.100000  0.100000  0.100000  0.100000  0.100000 

