# Data name
 No223_SC_Cr3Si
# Material number
 2
# Lattice type
 simple_cubic
# Lattice constant
 4.556000 0.0 0.0 0.0 0.0 0.0 
# Sphere number
 2
 6
# Sphere centers
 0.000000  0.000000  0.000000  0.500000  0.500000  0.500000 

 0.250000  0.000000  0.500000  0.750000  0.000000  0.500000 
 0.500000  0.250000  0.000000  0.500000  0.750000  0.000000 
 0.000000  0.500000  0.250000  0.000000  0.500000  0.750000 

# Sphere radius
 0.100000  0.100000 

 0.100000  0.100000  0.100000  0.100000  0.100000  0.100000 

# Cylinder number
 24
 24
# Cylinder top centers
 0.125000  0.000000  0.250000  0.250000  0.125000  0.000000 
 0.000000  0.250000  0.125000  1.000000  0.750000  0.125000 
 0.750000  0.875000  0.000000  0.875000  1.000000  0.250000 
 0.750000  0.125000  1.000000  0.875000  0.000000  0.750000 
 1.000000  0.250000  0.875000  0.000000  0.750000  0.875000 
 0.250000  0.875000  1.000000  0.125000  1.000000  0.750000 
 0.375000  0.250000  0.500000  0.625000  0.250000  0.500000 
 0.500000  0.375000  0.250000  0.500000  0.625000  0.250000 
 0.250000  0.500000  0.375000  0.250000  0.500000  0.625000 
 0.750000  0.500000  0.375000  0.625000  0.750000  0.500000 
 0.500000  0.375000  0.750000  0.750000  0.500000  0.625000 
 0.500000  0.625000  0.750000  0.375000  0.750000  0.500000 

 0.125000  0.000000  0.250000  0.250000  0.125000  0.000000 
 0.000000  0.250000  0.125000  1.000000  0.750000  0.125000 
 0.750000  0.875000  0.000000  0.875000  1.000000  0.250000 
 0.750000  0.125000  1.000000  0.875000  0.000000  0.750000 
 1.000000  0.250000  0.875000  0.000000  0.750000  0.875000 
 0.250000  0.875000  1.000000  0.125000  1.000000  0.750000 
 0.375000  0.250000  0.500000  0.625000  0.250000  0.500000 
 0.500000  0.375000  0.250000  0.500000  0.625000  0.250000 
 0.250000  0.500000  0.375000  0.250000  0.500000  0.625000 
 0.750000  0.500000  0.375000  0.625000  0.750000  0.500000 
 0.500000  0.375000  0.750000  0.750000  0.500000  0.625000 
 0.500000  0.625000  0.750000  0.375000  0.750000  0.500000 

# Cylinder bot centers
 0.000000  0.000000  0.000000  0.000000  0.000000  0.000000 
 0.000000  0.000000  0.000000  1.000000  1.000000  0.000000 
 1.000000  1.000000  0.000000  1.000000  1.000000  0.000000 
 1.000000  0.000000  1.000000  1.000000  0.000000  1.000000 
 1.000000  0.000000  1.000000  0.000000  1.000000  1.000000 
 0.000000  1.000000  1.000000  0.000000  1.000000  1.000000 
 0.500000  0.500000  0.500000  0.500000  0.500000  0.500000 
 0.500000  0.500000  0.500000  0.500000  0.500000  0.500000 
 0.500000  0.500000  0.500000  0.500000  0.500000  0.500000 
 0.500000  0.500000  0.500000  0.500000  0.500000  0.500000 
 0.500000  0.500000  0.500000  0.500000  0.500000  0.500000 
 0.500000  0.500000  0.500000  0.500000  0.500000  0.500000 

 0.250000  0.000000  0.500000  0.500000  0.250000  0.000000 
 0.000000  0.500000  0.250000  1.000000  0.500000  0.250000 
 0.500000  0.750000  0.000000  0.750000  1.000000  0.500000 
 0.500000  0.250000  1.000000  0.750000  0.000000  0.500000 
 1.000000  0.500000  0.750000  0.000000  0.500000  0.750000 
 0.500000  0.750000  1.000000  0.250000  1.000000  0.500000 
 0.250000  0.000000  0.500000  0.750000  0.000000  0.500000 
 0.500000  0.250000  0.000000  0.500000  0.750000  0.000000 
 0.000000  0.500000  0.250000  0.000000  0.500000  0.750000 
 1.000000  0.500000  0.250000  0.750000  1.000000  0.500000 
 0.500000  0.250000  1.000000  1.000000  0.500000  0.750000 
 0.500000  0.750000  1.000000  0.250000  1.000000  0.500000 

# Cylinder radius
 0.100000  0.100000  0.100000  0.100000  0.100000  0.100000 
 0.100000  0.100000  0.100000  0.100000  0.100000  0.100000 
 0.100000  0.100000  0.100000  0.100000  0.100000  0.100000 
 0.100000  0.100000  0.100000  0.100000  0.100000  0.100000 

 0.100000  0.100000  0.100000  0.100000  0.100000  0.100000 
 0.100000  0.100000  0.100000  0.100000  0.100000  0.100000 
 0.100000  0.100000  0.100000  0.100000  0.100000  0.100000 
 0.100000  0.100000  0.100000  0.100000  0.100000  0.100000 

