# Data name
 No221_SC_CaTiO3
# Material number
 3
# Lattice type
 simple_cubic
# Lattice constant
 3.795000 0.0 0.0 0.0 0.0 0.0 
# Sphere number
 1
 1
 3
# Sphere centers
 0.000000  0.000000  0.000000 

 0.500000  0.500000  0.500000 

 0.000000  0.500000  0.500000  0.500000  0.000000  0.500000 
 0.500000  0.500000  0.000000 

# Sphere radius
 0.100000 

 0.100000 

 0.100000  0.100000  0.100000 

# Cylinder number
 0
 6
 6
# Cylinder top centers
 0.250000  0.500000  0.500000  0.500000  0.250000  0.500000 
 0.500000  0.500000  0.250000  0.750000  0.500000  0.500000 
 0.500000  0.750000  0.500000  0.500000  0.500000  0.750000 

 0.250000  0.500000  0.500000  0.500000  0.250000  0.500000 
 0.500000  0.500000  0.250000  0.750000  0.500000  0.500000 
 0.500000  0.750000  0.500000  0.500000  0.500000  0.750000 

# Cylinder bot centers
 0.500000  0.500000  0.500000  0.500000  0.500000  0.500000 
 0.500000  0.500000  0.500000  0.500000  0.500000  0.500000 
 0.500000  0.500000  0.500000  0.500000  0.500000  0.500000 

 0.000000  0.500000  0.500000  0.500000  0.000000  0.500000 
 0.500000  0.500000  0.000000  1.000000  0.500000  0.500000 
 0.500000  1.000000  0.500000  0.500000  0.500000  1.000000 

# Cylinder radius
 0.100000  0.100000  0.100000  0.100000  0.100000  0.100000 

 0.100000  0.100000  0.100000  0.100000  0.100000  0.100000 

