# Data name
 No227_FCC_SiO2
# Material number
 2
# Lattice type
 face_centered_cubic
# Lattice constant
 7.166000 0.0 0.0 0.0 0.0 0.0 
# Sphere number
 2
 4
# Sphere centers
 0.125000  0.125000  0.125000  0.875000  0.875000  0.875000 

 0.000000  0.000000  0.000000  0.000000  0.000000  0.500000 
 0.000000  0.500000  0.000000  0.500000  0.000000  0.000000 

# Sphere radius
 0.100000  0.100000 

 0.100000  0.100000  0.100000  0.100000 

# Cylinder number
 8
 8
# Cylinder top centers
 0.062500  0.062500  0.062500  0.062500  0.062500  0.312500 
 0.062500  0.312500  0.062500  0.312500  0.062500  0.062500 
 0.937500  0.937500  0.937500  0.937500  0.937500  0.687500 
 0.937500  0.687500  0.937500  0.687500  0.937500  0.937500 

 0.000000  0.000000  0.000000  0.000000  0.000000  0.500000 
 0.000000  0.500000  0.000000  0.500000  0.000000  0.000000 
 1.000000  1.000000  1.000000  1.000000  1.000000  0.500000 
 1.000000  0.500000  1.000000  0.500000  1.000000  1.000000 

# Cylinder bot centers
 0.125000  0.125000  0.125000  0.125000  0.125000  0.125000 
 0.125000  0.125000  0.125000  0.125000  0.125000  0.125000 
 0.875000  0.875000  0.875000  0.875000  0.875000  0.875000 
 0.875000  0.875000  0.875000  0.875000  0.875000  0.875000 

 0.062500  0.062500  0.062500  0.062500  0.062500  0.312500 
 0.062500  0.312500  0.062500  0.312500  0.062500  0.062500 
 0.937500  0.937500  0.937500  0.937500  0.937500  0.687500 
 0.937500  0.687500  0.937500  0.687500  0.937500  0.937500 

# Cylinder radius
 0.100000  0.100000  0.100000  0.100000  0.100000  0.100000 
 0.100000  0.100000 

 0.100000  0.100000  0.100000  0.100000  0.100000  0.100000 
 0.100000  0.100000 

