# Data name
 No225_FCC_Cr9Fe16Ni7
# Material number
 3
# Lattice type
 face_centered_cubic
# Lattice constant
 11.480000 0.0 0.0 0.0 0.0 0.0 
# Sphere number
 9
 16
 7
# Sphere centers
 0.000000  0.000000  0.000000  0.250000  0.250000  0.250000 
 0.750000  0.750000  0.750000  0.500000  0.000000  0.000000 
 0.000000  0.500000  0.500000  0.000000  0.500000  0.000000 
 0.500000  0.000000  0.500000  0.000000  0.000000  0.500000 
 0.500000  0.500000  0.000000 

 0.875000  0.875000  0.875000  0.875000  0.875000  0.375000 
 0.875000  0.375000  0.875000  0.375000  0.875000  0.875000 
 0.125000  0.125000  0.625000  0.125000  0.125000  0.125000 
 0.125000  0.625000  0.125000  0.625000  0.125000  0.125000 
 0.625000  0.625000  0.625000  0.625000  0.625000  0.125000 
 0.625000  0.125000  0.625000  0.125000  0.625000  0.625000 
 0.375000  0.375000  0.875000  0.375000  0.375000  0.375000 
 0.375000  0.875000  0.375000  0.875000  0.375000  0.375000 

 0.500000  0.500000  0.500000  0.750000  0.250000  0.250000 
 0.250000  0.750000  0.250000  0.250000  0.250000  0.750000 
 0.250000  0.750000  0.750000  0.750000  0.250000  0.750000 
 0.750000  0.750000  0.250000 

# Sphere radius
 0.100000  0.100000  0.100000  0.100000  0.100000  0.100000 
 0.100000  0.100000  0.100000 

 0.100000  0.100000  0.100000  0.100000  0.100000  0.100000 
 0.100000  0.100000  0.100000  0.100000  0.100000  0.100000 
 0.100000  0.100000  0.100000  0.100000 

 0.100000  0.100000  0.100000  0.100000  0.100000  0.100000 
 0.100000 

# Cylinder number
 0
 0
 0
# Cylinder top centers
# Cylinder bot centers
# Cylinder radius
