# Data name
 No221_SC_NbO
# Material number
 2
# Lattice type
 simple_cubic
# Lattice constant
 4.210100 0.0 0.0 0.0 0.0 0.0 
# Sphere number
 3
 3
# Sphere centers
 0.000000  0.500000  0.500000  0.500000  0.000000  0.500000 
 0.500000  0.500000  0.000000 

 0.500000  0.000000  0.000000  0.000000  0.500000  0.000000 
 0.000000  0.000000  0.500000 

# Sphere radius
 0.100000  0.100000  0.100000 

 0.100000  0.100000  0.100000 

# Cylinder number
 12
 12
# Cylinder top centers
 0.000000  0.500000  0.250000  0.000000  0.250000  0.500000 
 0.000000  0.750000  0.500000  0.000000  0.500000  0.750000 
 0.500000  0.000000  0.250000  0.250000  0.000000  0.500000 
 0.750000  0.000000  0.500000  0.500000  0.000000  0.750000 
 0.500000  0.250000  0.000000  0.250000  0.500000  0.000000 
 0.500000  0.750000  0.000000  0.750000  0.500000  0.000000 

 0.000000  0.500000  0.250000  0.000000  0.250000  0.500000 
 0.000000  0.750000  0.500000  0.000000  0.500000  0.750000 
 0.500000  0.000000  0.250000  0.250000  0.000000  0.500000 
 0.750000  0.000000  0.500000  0.500000  0.000000  0.750000 
 0.500000  0.250000  0.000000  0.250000  0.500000  0.000000 
 0.500000  0.750000  0.000000  0.750000  0.500000  0.000000 

# Cylinder bot centers
 0.000000  0.500000  0.500000  0.000000  0.500000  0.500000 
 0.000000  0.500000  0.500000  0.000000  0.500000  0.500000 
 0.500000  0.000000  0.500000  0.500000  0.000000  0.500000 
 0.500000  0.000000  0.500000  0.500000  0.000000  0.500000 
 0.500000  0.500000  0.000000  0.500000  0.500000  0.000000 
 0.500000  0.500000  0.000000  0.500000  0.500000  0.000000 

 0.000000  0.500000  0.000000  0.000000  0.000000  0.500000 
 0.000000  1.000000  0.500000  0.000000  0.500000  1.000000 
 0.500000  0.000000  0.000000  0.000000  0.000000  0.500000 
 1.000000  0.000000  0.500000  0.500000  0.000000  1.000000 
 0.500000  0.000000  0.000000  0.000000  0.500000  0.000000 
 0.500000  1.000000  0.000000  1.000000  0.500000  0.000000 

# Cylinder radius
 0.100000  0.100000  0.100000  0.100000  0.100000  0.100000 
 0.100000  0.100000  0.100000  0.100000  0.100000  0.100000 

 0.100000  0.100000  0.100000  0.100000  0.100000  0.100000 
 0.100000  0.100000  0.100000  0.100000  0.100000  0.100000 

