# Data name
 No230_BCC_Ga4Ni3
# Material number
 2
# Lattice type
 body_centered_cubic
# Lattice constant
 11.411000 0.0 0.0 0.0 0.0 0.0 
# Sphere number
 32
 24
# Sphere centers
 0.000000  0.000000  0.000000  0.500000  0.000000  0.500000 
 0.000000  0.500000  0.500000  0.500000  0.500000  0.000000 
 0.500000  0.000000  0.000000  0.500000  0.500000  0.500000 
 0.000000  0.000000  0.500000  0.000000  0.500000  0.000000 
 0.250000  0.250000  0.000000  0.750000  0.250000  0.500000 
 0.000000  0.250000  0.250000  0.500000  0.750000  0.250000 
 0.250000  0.000000  0.250000  0.250000  0.500000  0.750000 
 0.250000  0.750000  0.000000  0.250000  0.250000  0.500000 
 0.750000  0.000000  0.250000  0.250000  0.500000  0.250000 
 0.500000  0.250000  0.250000  0.000000  0.250000  0.750000 
 0.750000  0.750000 -0.000000  0.250000  0.750000  0.500000 
-0.000000  0.750000  0.750000  0.500000  0.250000  0.750000 
 0.750000 -0.000000  0.750000  0.750000  0.500000  0.250000 
 0.750000  0.250000 -0.000000  0.750000  0.750000  0.500000 
 0.250000 -0.000000  0.750000  0.750000  0.500000  0.750000 
 0.500000  0.750000  0.750000 -0.000000  0.750000  0.250000 

 0.250000  0.750000  0.750000  0.500000  0.500000  0.750000 
 0.000000  0.750000  0.000000  0.250000  0.000000  0.500000 
 0.750000  0.250000  0.750000  0.750000  0.500000  0.500000 
 0.000000  0.000000  0.750000  0.500000  0.250000  0.000000 
 0.750000  0.750000  0.250000  0.500000  0.750000  0.500000 
 0.750000  0.000000  0.000000  0.000000  0.500000  0.250000 
 0.750000  0.250000  0.250000  0.500000  0.500000  0.250000 
 0.000000  0.250000  0.000000  0.750000  0.000000  0.500000 
 0.250000  0.750000  0.250000  0.250000  0.500000  0.500000 
 0.000000  0.000000  0.250000  0.500000  0.750000  0.000000 
 0.250000  0.250000  0.750000  0.500000  0.250000  0.500000 
 0.250000  0.000000  0.000000  0.000000  0.500000  0.750000 

# Sphere radius
 0.100000  0.100000  0.100000  0.100000  0.100000  0.100000 
 0.100000  0.100000  0.100000  0.100000  0.100000  0.100000 
 0.100000  0.100000  0.100000  0.100000  0.100000  0.100000 
 0.100000  0.100000  0.100000  0.100000  0.100000  0.100000 
 0.100000  0.100000  0.100000  0.100000  0.100000  0.100000 
 0.100000  0.100000 

 0.100000  0.100000  0.100000  0.100000  0.100000  0.100000 
 0.100000  0.100000  0.100000  0.100000  0.100000  0.100000 
 0.100000  0.100000  0.100000  0.100000  0.100000  0.100000 
 0.100000  0.100000  0.100000  0.100000  0.100000  0.100000 

# Cylinder number
 0
 0
# Cylinder top centers
# Cylinder bot centers
# Cylinder radius
